50.0 1030.0

WALLS 26
0 950 1800 50
120 850 1800 50
120 200 50 650
170 200 1500 50
1620 250 50 450

1570 650 50 50
1570 550 50 50
1450 350 50 50
1400 350 50 400
1350 350 50 50

1350 450 50 50
1200 400 50 50
1200 600 50 50
1150 250 50 400
650 300 50 450

600 300 50 50
600 500 50 50
500 650 50 50
450 250 50 450
300 650 50 50

300 500 50 50
300 350 50 50
250 350 50 400
250 750 1550 50
1800 150 50 650

0 100 1850 50

ZOMBIES 44
1600 900
850 900
50 500
1750 400
1500 650

1480 550
1580 610
1500 450
1250 400
1300 420

1220 500
1350 520
1360 650
1000 620
900 650

750 635
740 550
860 550
1030 580
750 430

850 460
950 490
720 360
850 380
930 375

1000 365
750 265
850 270
950 275
1050 270

610 400
520 450
550 510
600 600
340 580

400 350
700 815
900 810
1475 805
1880 580

1650 20
1350 15
900 30
400 25

50.0 50.0